function [P, D] = semanticsgenerator_ratio(P, D)

% Ratio Coding Scheme (after Farah and McClelland, 1991)
% rows = words, columns = features
% 1-59 perceptual features; 60-77 functional features
% 1-22 living, 23-57 non-living

%% Data

words = {
    'L1a';
    'L1b';
    'L1c';
    'L1d';
    'L1e';
    'L1f';
    'L2a';
    'L2b';
    'L2c';
    'L2d';
    'L2e';
    'L2f';
    'L3a';
    'L3b';
    'L3c';
    'L3d';
    'L3e';
    'L3f';
    'L4a';
    'L4b';
    'L4c';
    'L4d';
    'L4e';
    'NL1a';
    'NL1b';
    'NL1c';
    'NL1d';
    'NL1e';
    'NL1f';
    'NL2a';
    'NL2b';
    'NL2c';
    'NL2d';
    'NL2e';
    'NL2f';
    'NL3a';
    'NL3b';
    'NL3c';
    'NL3d';
    'NL3e';
    'NL3f';
    'NL4a';
    'NL4b';
    'NL4c';
    'NL4d';
    'NL4e';
    'NL4f';
    'NL5a';
    'NL5b';
    'NL5c';
    'NL5d';
    'NL5e';
    'NL6a';
    'NL6b';
    'NL6c';
    'NL6d';
    'NL6e';
    };

features = [
    0	1	0	1	1	0	1	0	0	1	1	1	0	0	1	1	1	0	0	1	1	1	1	0	0	1	1	1	1	0	0	1	1	1	0	1	1	1	0	1	1	1	1	0	1	1	0	0	1	1	0	1	0	0	1	1	0	1	0	1	0	1	0	0	0	0	0	1	1	0	0	0	0	0	0	0	0;
    1	1	0	1	0	1	0	1	0	1	1	1	0	1	1	1	1	1	0	1	1	0	1	1	1	0	1	1	0	0	0	0	1	1	0	1	1	0	0	1	0	0	1	0	1	1	0	1	0	1	0	1	0	1	1	1	1	0	1	0	1	1	0	0	0	1	1	0	0	0	0	0	0	0	1	0	0;
    0	0	1	0	0	1	1	1	0	1	1	1	1	1	1	1	1	1	0	1	1	1	1	0	0	0	1	0	1	0	1	1	1	1	0	1	1	0	0	1	1	1	0	0	1	1	0	1	0	1	0	0	1	1	1	0	1	0	1	0	0	0	0	1	0	1	0	0	0	0	0	0	0	0	0	1	1;
    1	1	0	1	0	1	0	1	0	1	1	1	0	1	1	1	0	1	0	1	1	1	0	1	0	0	0	0	1	0	0	1	1	1	1	1	1	0	0	1	1	1	1	1	1	1	0	0	1	1	0	0	1	1	1	1	1	0	0	0	0	1	0	0	0	0	0	1	1	0	0	0	0	0	0	0	0;
    1	1	0	1	0	1	0	0	0	1	0	1	1	1	0	0	1	0	0	1	1	1	1	1	0	0	0	0	1	0	0	1	1	1	0	1	1	1	0	1	1	1	1	1	0	1	0	0	1	0	0	0	0	1	1	1	1	1	1	0	0	1	1	0	1	0	1	0	0	0	0	0	1	1	0	1	0;
    1	1	0	1	0	1	0	1	0	1	0	1	0	1	1	1	1	1	0	1	1	1	1	0	0	0	1	0	0	0	1	1	1	1	0	1	1	0	0	1	1	1	1	1	1	1	0	0	0	1	0	1	0	0	1	1	1	1	1	0	0	1	0	0	0	0	1	0	0	0	0	0	1	0	0	0	0;
    1	1	0	0	0	0	0	1	0	1	0	1	0	0	0	1	1	1	1	1	0	1	1	1	0	0	0	1	0	1	1	0	0	1	0	1	0	0	1	0	1	0	1	1	1	1	0	1	0	1	0	0	1	0	1	0	1	1	1	1	0	0	0	0	0	0	1	0	0	0	0	0	0	0	0	0	0;
    1	1	0	0	0	0	0	1	1	1	0	0	0	0	0	1	1	1	1	0	0	1	0	0	0	0	1	1	0	1	1	0	0	1	0	1	0	0	1	0	0	0	0	1	0	0	1	1	0	1	0	0	0	0	1	1	1	1	1	1	0	0	0	1	0	1	1	0	0	0	0	0	0	0	1	1	0;
    1	0	0	1	1	0	1	1	0	1	1	1	1	0	0	1	1	1	1	0	0	1	1	0	1	0	0	0	0	0	0	1	0	1	0	1	1	0	1	0	0	0	1	0	0	1	0	1	0	1	0	0	1	0	1	0	1	0	1	0	0	0	1	0	0	1	1	0	0	0	0	1	0	0	0	1	0;
    1	0	0	0	1	1	0	1	0	1	1	1	1	1	0	1	1	1	1	1	1	1	0	1	1	0	0	1	1	1	1	1	0	1	1	1	1	0	1	0	1	0	0	1	0	1	0	1	0	1	0	1	1	0	1	0	0	0	1	0	1	0	0	1	0	0	1	0	0	0	0	1	1	0	0	0	0;
    1	1	0	0	1	0	0	1	0	1	0	1	1	0	0	1	1	1	0	0	1	0	1	0	1	0	0	0	0	1	1	0	0	1	0	1	1	0	1	1	1	0	1	1	0	1	0	1	0	1	0	0	1	1	1	0	1	0	1	0	1	1	0	0	0	0	1	0	0	0	0	0	1	0	0	1	0;
    1	0	0	0	1	1	0	1	0	1	0	1	1	0	0	1	0	0	1	1	0	1	0	0	1	0	0	1	0	1	1	1	0	0	0	1	1	0	1	0	0	0	1	1	1	1	0	1	0	1	0	1	1	0	1	0	1	0	1	0	1	0	1	0	0	0	1	0	0	0	0	0	1	0	0	1	1;
    0	0	0	0	0	0	1	1	0	1	0	0	0	1	1	0	1	0	0	1	1	1	0	0	1	1	0	1	1	0	1	1	0	0	0	0	1	1	1	0	0	0	1	1	0	0	1	0	0	0	0	1	0	1	1	1	1	1	0	1	0	0	0	0	0	1	0	1	0	0	0	0	0	0	0	0	0;
    0	0	0	0	0	1	1	1	0	0	1	0	1	1	1	0	1	1	1	1	1	1	0	1	1	0	1	1	1	0	1	1	1	1	0	1	1	0	1	1	1	0	0	0	0	1	1	0	0	1	1	0	1	1	1	1	1	0	0	0	0	1	0	0	0	0	0	1	0	0	0	0	0	1	0	0	0;
    0	0	0	0	0	0	1	1	0	0	0	0	1	1	1	0	1	0	1	1	1	1	0	0	1	0	1	1	0	0	1	1	1	0	0	0	1	1	1	1	1	0	1	0	0	1	1	0	1	1	0	0	1	1	1	1	1	1	0	1	0	0	1	0	0	0	0	1	0	0	1	0	0	0	0	0	0;
    0	0	0	0	0	1	1	1	1	0	1	0	0	0	1	0	0	0	0	1	1	1	1	0	1	1	1	1	1	1	1	1	0	0	0	1	1	0	1	1	0	0	0	1	0	0	1	0	0	0	0	1	1	1	1	0	1	1	0	0	0	0	0	0	0	1	0	1	0	0	0	1	1	0	0	0	0;
    1	0	0	1	0	1	1	1	0	0	1	1	1	1	1	0	0	0	1	0	1	1	0	0	1	0	1	0	0	0	1	1	1	0	0	0	1	1	1	1	1	0	1	1	0	1	1	0	1	1	0	0	1	1	1	1	1	0	0	0	0	0	0	0	0	1	0	0	0	0	0	0	0	0	0	0	0;
    0	0	0	1	0	1	1	1	0	0	1	1	0	1	1	1	1	0	1	0	0	1	0	0	0	0	1	1	1	1	1	1	1	0	0	0	1	0	1	0	1	0	1	0	1	1	0	0	1	1	1	0	1	1	0	1	1	1	0	0	1	0	1	0	1	1	0	1	0	0	1	0	0	0	0	0	0;
    0	0	1	0	1	0	1	1	1	1	1	0	1	1	1	1	1	1	1	0	0	1	0	1	1	1	1	1	1	1	1	1	1	0	0	0	1	0	1	0	1	1	1	0	1	1	1	0	1	1	1	0	1	1	1	0	0	0	0	0	0	1	0	0	0	1	0	0	0	0	0	0	1	1	0	0	0;
    1	0	1	1	1	0	0	1	1	1	1	0	0	1	1	0	1	0	1	1	1	1	0	1	1	1	1	1	1	1	0	0	1	0	0	1	1	0	0	0	1	0	1	0	1	1	1	0	1	0	1	1	1	1	1	0	0	1	0	0	0	1	0	0	0	1	0	0	0	0	0	0	1	0	1	0	0;
    1	0	1	1	1	1	0	1	1	1	0	1	1	1	1	1	0	1	1	1	0	1	0	0	1	1	0	1	1	1	0	0	1	1	0	1	1	0	1	0	1	1	0	0	1	0	1	1	1	1	1	1	1	1	1	0	0	0	0	1	0	1	0	0	0	1	0	0	0	0	0	0	1	1	0	0	0;
    1	0	1	1	1	0	0	1	1	1	1	1	1	1	1	1	0	1	1	1	0	1	0	1	0	1	1	0	1	0	0	0	1	0	0	1	1	0	0	0	1	1	0	0	1	1	0	0	1	1	0	1	1	1	1	1	0	0	0	0	0	1	0	0	0	1	0	0	0	0	0	0	0	1	0	0	1;
    1	0	1	1	1	0	0	1	1	1	0	1	1	1	1	1	1	1	0	1	0	1	0	1	1	1	1	1	1	1	0	0	1	0	0	0	1	0	1	0	1	1	0	0	1	1	1	0	1	1	1	0	1	0	1	0	0	0	0	1	0	1	0	0	0	1	0	1	0	1	0	0	1	1	0	0	0;
    0	0	0	0	1	1	0	1	0	0	1	0	0	0	1	0	0	0	0	0	1	0	1	0	1	0	0	0	0	0	0	0	0	0	0	1	0	0	0	0	0	0	0	0	0	0	0	1	0	0	0	0	1	0	1	0	0	1	0	1	0	1	0	0	1	1	0	0	0	1	0	0	1	0	0	1	0;
    1	0	0	1	0	0	0	0	0	0	0	1	0	0	0	0	0	1	0	0	1	0	0	1	1	1	0	0	0	0	1	0	0	0	0	1	0	1	0	0	0	1	0	0	0	0	0	0	0	0	1	0	0	0	0	0	0	1	1	1	0	1	1	1	0	1	0	1	0	0	1	0	0	1	1	1	1;
    1	0	0	0	0	0	0	1	0	1	0	1	1	0	1	0	0	1	0	1	1	0	0	0	1	0	1	0	0	0	1	0	0	0	1	0	0	0	0	1	0	0	1	0	0	1	0	0	1	0	0	0	1	1	0	0	0	0	0	1	0	1	0	0	0	1	1	0	0	1	0	0	1	1	0	0	1;
    0	0	0	0	0	0	0	1	0	0	0	0	0	0	1	0	0	0	0	0	1	0	0	0	0	0	1	1	0	0	0	1	0	0	0	0	0	1	1	0	0	0	0	0	1	1	0	0	1	0	0	0	1	0	0	0	0	1	0	1	0	0	1	1	0	1	1	0	1	1	1	0	0	0	0	1	0;
    0	0	0	0	1	1	0	1	0	0	0	1	1	0	1	0	0	0	0	0	1	1	0	0	1	0	0	0	0	0	0	0	0	0	0	1	0	0	0	1	0	0	0	0	1	0	0	0	0	0	1	0	1	0	0	1	0	0	0	1	0	1	1	0	0	0	1	1	1	1	1	1	1	0	0	0	0;
    1	0	0	0	1	0	1	0	0	1	0	1	1	0	1	0	0	0	1	0	1	1	0	0	0	0	0	0	0	0	1	0	0	0	0	1	1	0	1	0	0	0	0	0	0	0	0	1	1	0	0	0	1	0	0	0	0	1	0	1	0	0	0	0	1	1	1	0	0	0	1	0	1	1	0	0	0;
    0	0	0	0	1	0	0	0	1	0	1	0	0	0	1	0	0	0	1	1	1	1	0	0	1	0	0	0	1	1	0	1	0	0	1	0	0	0	1	0	0	0	1	0	0	0	0	0	0	0	0	1	0	0	0	0	0	0	0	0	1	0	0	1	0	1	0	1	0	0	1	1	1	0	0	1	0;
    0	0	0	0	1	1	0	0	0	0	0	0	0	0	0	0	0	0	1	0	0	0	0	0	1	0	0	0	0	1	1	1	0	0	0	0	0	0	0	1	0	0	0	0	0	1	0	0	1	0	0	1	0	0	0	0	0	0	0	0	0	0	1	1	1	0	0	1	1	0	0	1	0	0	0	1	0;
    1	0	0	0	1	0	0	0	0	0	1	0	0	0	1	0	1	0	0	0	1	1	0	0	0	0	1	0	0	1	0	1	0	0	0	0	0	0	1	1	1	0	0	1	0	0	0	0	0	0	0	1	0	0	0	0	0	0	0	0	1	1	1	1	0	1	0	1	0	0	1	0	0	0	0	1	0;
    0	0	1	0	1	0	0	0	0	0	0	0	0	0	0	0	0	0	0	0	0	1	0	0	0	1	0	0	0	1	0	1	0	0	0	0	0	0	0	1	1	1	0	1	1	0	0	0	0	0	1	1	0	0	1	1	0	0	0	1	1	0	1	1	0	0	0	1	0	1	1	0	1	0	1	1	0;
    0	0	0	0	1	0	0	0	1	1	1	1	1	0	0	0	1	0	0	1	0	1	0	0	0	1	0	0	0	1	0	1	0	0	0	1	0	1	0	1	0	1	0	0	0	0	0	0	1	0	0	1	0	0	0	1	0	0	0	0	1	0	0	1	1	0	0	1	0	0	1	0	0	0	0	1	0;
    0	0	0	0	1	0	0	0	0	0	1	0	0	0	0	0	0	0	0	0	0	1	0	0	1	1	0	0	0	1	0	1	0	1	0	1	0	0	0	1	0	0	0	0	0	0	0	0	0	0	1	0	0	0	0	1	0	0	0	0	1	1	0	0	0	0	0	1	0	1	1	1	0	0	1	1	1;
    0	0	0	1	0	0	0	0	0	0	0	0	0	0	0	1	0	1	0	0	1	0	0	0	0	0	1	1	1	0	0	0	0	0	0	0	0	0	0	0	1	0	0	0	1	0	0	0	1	0	0	0	1	0	1	1	0	0	0	0	0	0	0	1	1	1	1	0	1	0	0	0	0	0	0	0	0;
    0	0	0	1	0	0	0	1	0	1	0	1	0	0	0	0	1	1	0	0	0	0	1	0	0	0	0	0	0	0	0	0	0	0	0	0	1	0	0	0	1	1	0	0	1	0	0	0	1	0	1	0	1	0	1	0	1	0	0	0	1	1	0	1	0	0	1	0	1	1	0	0	0	1	0	1	0;
    1	1	0	1	1	1	0	0	1	0	0	1	1	0	0	0	0	0	0	0	0	0	0	0	0	0	1	0	0	1	0	0	0	1	0	0	0	0	0	0	0	0	0	0	0	1	0	0	1	1	1	0	0	0	0	0	0	1	0	1	0	0	0	1	0	0	1	0	0	1	0	0	0	0	1	1	0;
    0	0	0	0	0	0	1	1	0	0	0	1	0	1	0	1	0	1	0	0	0	0	0	0	0	1	0	1	0	0	1	1	0	0	0	0	0	0	0	0	1	1	0	0	1	1	1	0	1	0	0	0	0	0	0	0	0	1	0	0	0	1	0	1	0	1	1	0	1	1	0	1	0	0	0	0	0;
    0	0	1	0	0	0	0	0	0	0	0	1	0	0	0	0	0	1	1	0	0	0	1	0	0	0	0	0	0	0	0	1	0	1	0	0	1	0	0	0	0	0	0	0	1	1	1	0	1	0	1	0	0	0	0	1	0	0	0	0	0	0	0	1	1	0	1	0	1	0	0	0	1	0	0	0	0;
    0	0	0	1	0	0	0	0	0	0	0	1	0	0	1	0	0	1	0	0	0	0	0	0	1	0	1	0	0	0	0	0	0	0	0	0	0	0	0	0	0	0	0	0	0	1	0	0	1	0	0	0	0	0	0	0	0	0	0	0	1	1	0	1	1	0	1	0	0	1	0	1	1	0	0	1	0;
    0	0	0	0	1	0	0	1	1	0	0	1	1	0	0	0	0	1	0	1	0	1	0	0	0	1	0	0	0	0	0	0	0	0	0	1	0	0	0	0	1	0	0	0	1	1	0	1	0	0	0	0	1	0	0	0	1	0	0	1	1	1	1	1	0	1	1	1	0	0	1	0	1	1	0	0	0;
    0	0	1	0	1	0	0	0	0	0	0	1	1	0	0	1	1	0	1	0	0	0	0	0	0	0	1	0	0	0	0	0	1	0	1	1	1	0	1	0	0	0	0	0	0	1	0	0	0	0	0	1	0	1	0	0	0	0	1	1	1	1	1	0	0	0	0	1	0	0	1	1	1	1	1	0	1;
    0	0	0	0	0	0	0	0	1	1	0	0	0	0	0	1	0	0	0	0	0	0	0	0	1	0	1	0	0	0	0	0	1	0	0	1	0	0	1	0	0	0	0	0	0	1	0	0	0	0	0	0	1	1	1	0	0	0	0	0	1	1	1	0	0	0	1	1	0	0	1	1	1	1	1	0	1;
